t	uitloop
10	0.234ms
20	0.47

23
+7

15 -0.03 3
15 -0.03 4
16 +0.04 3
15 -0.03 4
15 -0.03 3

16 +0.04 4
15 -0.03 3
15 -0.03 
16 +0.04
15 -0.03

0.02

(10 ticks)
20	1.343ms	0.06715ms
40	2.686ms	0.06715ms
60	4.028ms	0.06713333ms
80	5.372ms	0.06715ms
100	6.716ms	0.06716ms

1 / 0.06715ms = 14.8920327625
0.6715ms

(15 ticks)
15	0.976ms	0.065066666	15.3688524748
30	1.954ms	0.065133333	15.3831218093
45	2.930ms	0.065111111	15.3583617774
60	3.906ms	0.0651		15.3609831029
gem. 15.3678297911
0.3678297911

gem/2. 15.3636071261
0.3636071261



(20 ticks)
20	1.282ms	0.0641			15.600624025
40	2.564ms	0.0641			15.600624025
60	3.845ms	0.064083333333	15.4241645324
80	5.128ms	0.0641			15.600624025
100	6.410ms	0.0641			15.600624025

